199  A      
200  A B    
208  A B C  
210    B C D
200  E   C D
207  E F   D
240  E F G  
269    F G H
260      G H
263        H


elem, {count: 0, previous: [], current: []}

0
[]
[]
199

0
[]
[199]
200

0
[]
[199, 200]
208

0
[]
[199, 200, 208]
210

0
[199]
[200, 208, 210]
200

0
[199, 200]
[208, 210, 200]
207

0
[199, 200, 208]
[210, 200, 207]
240

0/1
[200, 208, 210]
[200, 207, 240]
269

---

[0, 1, 2, 3, 4, 5, 6, 7, 8, 9, 10, 11, 12]


[]
[
  [0, 1, 2],
  [3, 4, 5],
  [6, 7, 8],
]
9

[
  [7, 8, 9],
]
[
  [0, 1, 2],
  [3, 4, 5],  
]
6

[
  [4, 5, 6],
  [7, 8, 9],
]
[
  [0, 1, 2],
]
3

[
  [1, 2, 3],
  [4, 5, 6],
  [7, 8, 9],
]
[]
0
